
RK34 Time steps 

% e(rk34) is 100*(rk4-rk3)/x_real 

         t 	     x_true 	      x_rk4 	  % e(rk43) 	  time_step 
         1 	    6.19463 	     6.1919 	   0.443558 	   0.282457 
   1.28246 	    8.01681 	    8.01446 	 0.00521206 	   0.350946 
    1.6334 	    10.8904 	    10.8883 	  0.0100229 	   0.350657 
   1.98406 	    14.6476 	    14.6456 	 0.00939143 	   0.358056 
   2.34212 	     19.704 	    19.7019 	 0.00970371 	   0.361651 
   2.70377 	    26.4823 	    26.4799 	 0.00979346 	   0.364165 
   3.06793 	    35.5795 	    35.5765 	 0.00987246 	   0.365716 
   3.43365 	    47.7897 	    47.7858 	 0.00991924 	   0.366696 
   3.80035 	    64.1806 	    64.1755 	 0.00994943 	   0.367307 
   4.16765 	    86.1852 	    86.1784 	 0.00996823 	   0.367687 
   4.53534 	    115.728 	    115.718 	 0.00997997 	   0.367923 
   4.90326 	    155.391 	    155.379 	 0.00998727 	    0.36807 
   5.27133 	    208.643 	    208.627 	 0.00999181 	    0.36816 
   5.63949 	    280.142 	    280.119 	 0.00999462 	   0.368217 
   6.00771 	    376.138 	    376.108 	 0.00999636 	   0.368252 
   6.37596 	    505.027 	    504.986 	 0.00999744 	   0.368273 
   6.74423 	    678.078 	    678.024 	 0.00999811 	   0.368286 
   7.11252 	    910.426 	    910.353 	 0.00999852 	   0.368295 
   7.48082 	    1222.39 	    1222.29 	 0.00999878 	     0.3683 
   7.84912 	    1641.24 	    1641.11 	 0.00999893 	   0.368303 
