
TRBDF-2 Time steps 

% e(trbdf2) is 100*error(trbff2)/x_real 
% e(rk34) is 100*(rk4-rk3)/x_real 
tr_step is step size calculated using trbdf2

         t 	     x_true 	   x_trbdf2 	      x_rk4 	 % e(trbdf2) 	  % e(rk43) 	    tr_step 
         1 	    6.19463 	          2 	     6.1919 	    1.12969 	   0.443558 	   0.202161 
   1.20216 	     7.4595 	    5.78185 	    7.45706 	  0.0406529 	 0.00172206 	   0.123262 
   1.32542 	    8.32905 	    6.87386 	    8.32676 	  0.0457639 	 0.000313443 	  0.0720924 
   1.39752 	    8.87615 	    7.62599 	    8.87395 	  0.0349432 	 5.29704e-05 	  0.0460806 
    1.4436 	    9.24177 	    8.09977 	    9.23962 	  0.0250355 	 1.24813e-05 	  0.0328948 
   1.47649 	    9.51069 	    8.41665 	    9.50858 	  0.0188516 	 4.27285e-06 	  0.0257995 
   1.50229 	    9.72636 	    8.64986 	    9.72427 	  0.0151962 	 1.98506e-06 	  0.0217345 
   1.52403 	    9.91136 	    8.83696 	     9.9093 	  0.0129975 	 1.15725e-06 	  0.0192838 
   1.54331 	    10.0781 	    8.99751 	     10.076 	  0.0116341 	 7.9375e-07 	   0.017749 
   1.56106 	    10.2337 	    9.14225 	    10.2317 	   0.010765 	 6.10366e-07 	   0.016761 
   1.57782 	    10.3827 	    9.27739 	    10.3806 	  0.0101986 	 5.08254e-07 	  0.0161125 
   1.59393 	    10.5276 	    9.40674 	    10.5256 	 0.00982307 	 4.47227e-07 	  0.0156811 
   1.60961 	    10.6704 	    9.53269 	    10.6685 	 0.00957089 	 4.08806e-07 	  0.0153913 
     1.625 	    10.8123 	    9.65679 	    10.8103 	 0.00939977 	 3.83625e-07 	  0.0151954 
    1.6402 	     10.954 	    9.78009 	    10.9521 	  0.0092826 	 3.66561e-07 	  0.0150622 
   1.65526 	    11.0961 	    9.90327 	    11.0942 	 0.00920167 	 3.5464e-07 	  0.0149715 
   1.67023 	     11.239 	    10.0268 	    11.2371 	 0.00914524 	 3.46059e-07 	  0.0149095 
   1.68514 	    11.3829 	    10.1511 	     11.381 	 0.00910546 	 3.39686e-07 	   0.014867 
   1.70001 	    11.5281 	    10.2763 	    11.5262 	 0.00907704 	 3.34792e-07 	  0.0148378 
   1.71485 	    11.6746 	    10.4026 	    11.6728 	 0.00905638 	  3.309e-07 	  0.0148177 
