
Comparison of Forward Euler and Huen 

           t 	       x_true 	    x_forward 	        error 	   x_huen_one 	        error 	       x_huen 	   iterations 	        error 
           1 	      6.19463 	            5 	      19.2849 	      6.70108 	      8.17564 	      6.36087 	           13 	      2.68352 
           2 	      14.8439 	      11.4022 	      23.1863 	      16.3198 	      9.94252 	      15.3022 	           13 	      3.08756 
           3 	      33.6772 	      25.5132 	      24.2418 	      37.1992 	      10.4584 	      34.7433 	           14 	      3.16566 
           4 	       75.339 	      56.8493 	       24.542 	      83.3378 	      10.6171 	      77.7351 	           14 	      3.18047 
           5 	      167.906 	      126.555 	      24.6276 	      185.815 	      10.6661 	       173.25 	           15 	      3.18288 
           6 	      373.825 	       281.67 	      24.6518 	      413.753 	      10.6811 	      385.724 	           15 	       3.1831 
           7 	      832.049 	      626.877 	      24.6587 	      920.959 	      10.6857 	      858.533 	           16 	      3.18304 
           8 	      1851.81 	      1395.14 	      24.6606 	      2049.72 	      10.6871 	      1910.75 	           17 	        3.183 
           9 	      4121.31 	      3104.95 	      24.6611 	      4561.78 	      10.6875 	      4252.49 	           17 	      3.18297 
          10 	      9172.17 	       6910.2 	      24.6612 	      10152.5 	      10.6876 	      9464.12 	           18 	      3.18297 
          11 	      20413.1 	      15378.9 	      24.6613 	      22594.7 	      10.6877 	      21062.8 	           18 	      3.18296 
          12 	      45430.1 	      34226.4 	      24.6613 	      50285.5 	      10.6877 	      46876.1 	           19 	      3.18296 
          13 	       101107 	      76172.3 	      24.6613 	       111912 	      10.6877 	       104325 	           19 	      3.18296 
          14 	       225017 	       169525 	      24.6613 	       249066 	      10.6877 	       232179 	           20 	      3.18296 
          15 	       500784 	       377284 	      24.6613 	       554306 	      10.6877 	       516724 	           21 	      3.18296 
          16 	  1.11452e+06 	       839661 	      24.6613 	  1.23363e+06 	      10.6877 	  1.14999e+06 	           21 	      3.18296 
          17 	   2.4804e+06 	   1.8687e+06 	      24.6613 	   2.7455e+06 	      10.6877 	  2.55935e+06 	           22 	      3.18296 
          18 	  5.52023e+06 	  4.15887e+06 	      24.6613 	  6.11021e+06 	      10.6877 	  5.69594e+06 	           22 	      3.18296 
          19 	  1.22855e+07 	  9.25573e+06 	      24.6613 	  1.35985e+07 	      10.6877 	  1.26765e+07 	           23 	      3.18296 
          20 	  2.73419e+07 	   2.0599e+07 	      24.6613 	  3.02641e+07 	      10.6877 	  2.82122e+07 	           23 	      3.18296 

RK4 Time steps 

           t 	       x_true 	           k1 	           k2 	           k3 	           k4 	        x_rk4 	       e(rk4) 	  e(huen_one) 	   e(f_euler) 
           1 	      6.19463 	            3 	       4.2173 	      3.91297 	      5.94568 	      6.20104 	     0.103407 	      8.17564 	      19.2849
           2 	      14.8439 	      5.80165 	      8.72954 	      7.99756 	      12.7128 	      14.8625 	     0.125046 	      9.94252 	      23.1863
           3 	      33.6772 	      12.3809 	      19.0298 	      17.3675 	      27.9777 	      33.7213 	     0.131176 	      10.4584 	      24.2418
           4 	       75.339 	       27.232 	      42.1099 	      38.3904 	      62.0742 	      75.4392 	     0.133011 	      10.6171 	       24.542
           5 	      167.906 	      60.4105 	      93.5707 	      85.2807 	      138.033 	       168.13 	     0.133564 	      10.6661 	      24.6276
           6 	      373.825 	      134.328 	      208.157 	      189.699 	      307.127 	      374.325 	      0.13373 	      10.6811 	      24.6518
           7 	      832.049 	      298.879 	      463.207 	      422.125 	      683.481 	      833.162 	     0.133779 	      10.6857 	      24.6587
           8 	      1851.81 	      665.125 	      1030.85 	      939.421 	      1521.09 	      1854.29 	     0.133794 	      10.6871 	      24.6606
           9 	      4121.31 	      1480.24 	      2294.19 	       2090.7 	      3385.23 	      4126.83 	     0.133798 	      10.6875 	      24.6611
          10 	      9172.17 	      3294.31 	      5105.79 	      4652.92 	      7533.96 	      9184.44 	     0.133799 	      10.6876 	      24.6612
          11 	      20413.1 	      7331.61 	      11363.1 	      10355.3 	      16767.1 	      20440.4 	       0.1338 	      10.6877 	      24.6613
          12 	      45430.1 	      16316.8 	      25289.1 	        23046 	      37315.9 	      45490.9 	       0.1338 	      10.6877 	      24.6613
          13 	       101107 	      36313.7 	        56282 	      51289.9 	      83048.1 	       101242 	       0.1338 	      10.6877 	      24.6613
          14 	       225017 	      80817.6 	       125258 	       114148 	       184827 	       225318 	       0.1338 	      10.6877 	      24.6613
          15 	       500784 	       179863 	       278767 	       254041 	       411340 	       501454 	       0.1338 	      10.6877 	      24.6613
          16 	  1.11452e+06 	       400292 	       620406 	       565378 	       915454 	  1.11601e+06 	       0.1338 	      10.6877 	      24.6613
          17 	   2.4804e+06 	       890867 	  1.38074e+06 	  1.25827e+06 	  2.03738e+06 	  2.48372e+06 	       0.1338 	      10.6877 	      24.6613
          18 	  5.52023e+06 	  1.98266e+06 	  3.07289e+06 	  2.80033e+06 	  4.53427e+06 	  5.52762e+06 	       0.1338 	      10.6877 	      24.6613
          19 	  1.22855e+07 	  4.41249e+06 	  6.83885e+06 	  6.23226e+06 	  1.00912e+07 	  1.23019e+07 	       0.1338 	      10.6877 	      24.6613
          20 	  2.73419e+07 	  9.82018e+06 	  1.52201e+07 	  1.38701e+07 	  2.24584e+07 	  2.73785e+07 	       0.1338 	      10.6877 	      24.6613
