Newton x(0) = 1 
k 		 x_k 	 	 delta 	 	 f_x
  0 	          1 	 	 -  	   0.459698 
  1 	   0.701554 	  -0.298446 	   0.459698 
  2 	   0.736867 	  0.0353132 	 -0.0622868 
  3 	   0.738999 	 0.00213196 	 -0.00371085 
  4 	   0.739082 	 8.31359e-05 	 -0.000144585 
  5 	   0.739085 	 3.13426e-06 	 -5.45076e-06 
  6 	   0.739085 	 1.18005e-07 	 -2.05221e-07 
  7 	   0.739085 	 4.44266e-09 	 -7.72617e-09 

Newton x(0) = 10 
k 		 x_k 	 	 delta 	 	 f_x
  0 	         10 	 	 -  	    10.8391 
  1 	   -57.3533 	   -67.3533 	    10.8391 
  2 	    -23.074 	    34.2794 	   -58.0467 
  3 	    19.4848 	    42.5588 	   -22.6051 
  4 	    9.13538 	   -10.3494 	    18.6799 
  5 	   -233.596 	   -242.732 	    10.0938 
  6 	   -70.7305 	    162.866 	   -234.033 
  7 	    3.26033 	    73.9909 	   -70.6858 
  8 	   -600.773 	   -604.033 	    4.25329 
  9 	    1763.91 	    2364.68 	   -600.026 
 10 	   -192.463 	   -1956.37 	       1764 
 11 	    402.489 	    594.952 	   -191.786 
 12 	    194.882 	   -207.606 	    401.554 
 13 	    97.6785 	   -97.2037 	    193.888 
 14 	   -2278.29 	   -2375.97 	     98.637 
 15 	    9250.68 	      11529 	   -2277.49 
 16 	   -3204.33 	     -12455 	    9250.94 
 17 	   -1598.24 	     1606.1 	   -3205.33 
 18 	    3253.45 	    4851.69 	   -1597.56 
 19 	    804.606 	   -2448.85 	    3253.13 
 20 	    389.627 	   -414.979 	    803.669 
 21 	    195.077 	    -194.55 	    388.629 
 22 	    95.8241 	    -99.253 	    194.121 
 23 	  -0.533029 	   -96.3571 	    95.8295 
 24 	   0.216083 	   0.749112 	    -1.3943 
 25 	   0.600888 	   0.384805 	  -0.760662 
 26 	   0.723609 	   0.122721 	  -0.223945 
 27 	   0.738364 	  0.0147544 	 -0.0258116 
 28 	   0.739058 	 0.000693988 	 -0.00120724 
 29 	   0.739084 	 2.64313e-05 	 -4.59668e-05 
 30 	   0.739085 	 9.95527e-07 	 -1.73131e-06 
 31 	   0.739085 	 3.74803e-08 	 -6.51814e-08 

1-D Bisection 

k 	  start 	 end 	         f_x(mid) 
0 	       -5 	       10 	  11.1825 
1 	       -5 	      2.5 	 -0.713495 
2 	    -1.25 	      2.5 	 0.868246 
3 	    -1.25 	    0.625 	 -0.268384 
4 	  -0.3125 	    0.625 	 0.169118 
5 	  -0.3125 	  0.15625 	 -0.0751512 
6 	 -0.078125 	  0.15625 	 0.0398355 
7 	 -0.078125 	 0.0390625 	 -0.0193418 
8 	 -0.0195312 	 0.0390625 	 0.00981346 
9 	 -0.0195312 	 0.00976562 	 -0.00487091 
10 	 -0.00488281 	 0.00976562 	 0.00244439 
11 	 -0.00488281 	 0.00244141 	 -0.00121996 
12 	 -0.0012207 	 0.00244141 	 0.000610538 
13 	 -0.0012207 	 0.000610352 	 -0.000305129 
14 	 -0.000305176 	 0.000610352 	 0.0001526 
15 	 -0.000305176 	 0.000152588 	 -7.6291e-05 
16 	 -7.62939e-05 	 0.000152588 	 3.81477e-05 
17 	 -7.62939e-05 	 3.8147e-05 	 -1.90733e-05 
18 	 -1.90735e-05 	 3.8147e-05 	 9.53679e-06 
19 	 -1.90735e-05 	 9.53674e-06 	 -4.76836e-06 
20 	 -4.76837e-06 	 9.53674e-06 	 2.38419e-06 
21 	 -4.76837e-06 	 2.38419e-06 	 -1.19209e-06 
22 	 -1.19209e-06 	 2.38419e-06 	 5.96047e-07 
23 	 -1.19209e-06 	 5.96046e-07 	 -2.98023e-07 
24 	 -2.98023e-07 	 5.96046e-07 	 1.49012e-07 
25 	 -2.98023e-07 	 1.49012e-07 	 -7.45058e-08 


2-D Bisection 

k 	      x 	   y 	               f1               f2 
0 	      2.5 	      2.5 	        0 	   22.365 
0 	    -1.25 	    -1.25 	        0 	 -1.42699 
0 	    0.625 	    0.625 	        0 	  1.73649 
0 	  -0.3125 	  -0.3125 	        0 	 -0.536769 
0 	  0.15625 	  0.15625 	        0 	 0.338237 
0 	 -0.078125 	 -0.078125 	        0 	 -0.150302 
0 	 0.0390625 	 0.0390625 	        0 	 0.0796709 
0 	 -0.0195312 	 -0.0195312 	        0 	 -0.0386835 
0 	 0.00976562 	 0.00976562 	        0 	 0.0196269 
0 	 -0.00488281 	 -0.00488281 	        0 	 -0.00974182 
0 	 0.00244141 	 0.00244141 	        0 	 0.00488878 
0 	 -0.0012207 	 -0.0012207 	        0 	 -0.00243992 
0 	 0.000610352 	 0.000610352 	        0 	 0.00122108 
0 	 -0.000305176 	 -0.000305176 	        0 	 -0.000610258 
0 	 0.000152588 	 0.000152588 	        0 	 0.000305199 
0 	 -7.62939e-05 	 -7.62939e-05 	        0 	 -0.000152582 
0 	 3.8147e-05 	 3.8147e-05 	        0 	 7.62954e-05 
0 	 -1.90735e-05 	 -1.90735e-05 	        0 	 -3.81466e-05 
0 	 9.53674e-06 	 9.53674e-06 	        0 	 1.90736e-05 
0 	 -4.76837e-06 	 -4.76837e-06 	        0 	 -9.53672e-06 
0 	 2.38419e-06 	 2.38419e-06 	        0 	 4.76838e-06 
0 	 -1.19209e-06 	 -1.19209e-06 	        0 	 -2.38418e-06 
0 	 5.96046e-07 	 5.96046e-07 	        0 	 1.19209e-06 
0 	 -2.98023e-07 	 -2.98023e-07 	        0 	 -5.96046e-07 
0 	 1.49012e-07 	 1.49012e-07 	        0 	 2.98023e-07 
0 	 -7.45058e-08 	 -7.45058e-08 	        0 	 -1.49012e-07 
0 	 3.72529e-08 	 3.72529e-08 	        0 	 7.45058e-08 
