Initial condition (0, 0) 

Quasi-Newton Without Line Search
       k 	     x[0] 	     x[1] 	  norm(x) 	 norm(delX) 	        t 	      f_x
       0 	        0 	        0 	        0 	        - 	        - 	       20
       1 	        0 	        1 	        1 	        1 	        1 	       10 
       2 	        0 	        1 	        1 	 3.07164e-25 	        1 	       10 

Quasi-Newton With Line Search
       k 	     x[0] 	     x[1] 	  norm(x) 	 norm(delX) 	        t 	      f_x
       0 	        0 	        0 	        0 	        - 	        - 	       20
       1 	        0 	        1 	        1 	        1 	        1 	       10 
       2 	        0 	        1 	        1 	 7.86339e-23 	       16 	       10 

Initial condition (5, 5) 

Quasi-Newton Without Line Search
       k 	     x[0] 	     x[1] 	  norm(x) 	 norm(delX) 	        t 	      f_x
       0 	        5 	        5 	       50 	        - 	        - 	     5920
       1 	  3.37841 	        1 	  12.4137 	  18.6296 	        1 	  1084.44 
       2 	  2.32006 	        1 	  6.38269 	   1.1201 	        1 	   192.08 
       3 	  1.64885 	        1 	  3.71869 	 0.450533 	        1 	   29.539 
       4 	  1.25287 	        1 	  2.56967 	   0.1568 	        1 	  3.24526 
       5 	  1.06046 	        1 	  2.12457 	 0.0370214 	        1 	 0.155169 
       6 	  1.00481 	        1 	  2.00965 	 0.00309615 	        1 	 0.000931027 
       7 	  1.00004 	        1 	  2.00007 	 2.28277e-05 	        1 	 4.91983e-08 
       8 	        1 	        1 	        2 	 1.22942e-09 	        1 	 2.01866e-15 
       9 	        1 	        1 	        2 	 5.04514e-17 	        1 	 4.54138e-23 

Quasi-Newton With Line Search
       k 	     x[0] 	     x[1] 	  norm(x) 	 norm(delX) 	        t 	      f_x
       0 	        5 	        5 	       50 	        - 	        - 	     5920
       1 	 -1.48636 	      -11 	  123.209 	  298.073 	        4 	  1454.62 
       2 	 -0.84755 	       13 	  169.718 	  576.408 	        2 	  1440.79 
       3 	 -1.05428 	        1 	   2.1115 	  144.043 	        1 	 0.124316 
       4 	 -0.953556 	        1 	  1.90927 	 0.0101444 	        2 	 0.0823211 
       5 	 -1.00364 	        1 	  2.00729 	 0.00250817 	        1 	 0.000531217 
       6 	 -0.996401 	        1 	  1.99281 	 5.23734e-05 	        2 	 0.000516344 
       7 	 -1.00002 	        1 	  2.00004 	 1.31006e-05 	        1 	 1.62319e-08 
       8 	       -1 	        1 	        2 	 4.05887e-10 	        1 	 2.32926e-16 
       9 	       -1 	        1 	        2 	 5.82489e-18 	        1 	 5.24431e-24 
