del_t = 0.5 
             t 	        forward 	       backward 	           trap 	     e(forward) 	    e(backward) 	        e(trap) 
           0.5 	            0.5 	       0.666667 	            0.6 	       0.106531 	       0.060136 	     0.00653066 
             1 	           0.25 	       0.444444 	           0.36 	       0.117879 	       0.076565 	     0.00787944 
           1.5 	          0.125 	       0.296296 	          0.216 	      0.0981302 	      0.0731661 	     0.00713016 
             2 	         0.0625 	       0.197531 	         0.1296 	      0.0728353 	      0.0621956 	     0.00573528 
           2.5 	        0.03125 	       0.131687 	        0.07776 	       0.050835 	      0.0496022 	       0.004325 
             3 	       0.015625 	      0.0877915 	       0.046656 	      0.0341621 	      0.0380044 	     0.00313107 
           3.5 	      0.0078125 	      0.0585277 	      0.0279936 	      0.0223849 	      0.0283303 	     0.00220378 
             4 	     0.00390625 	      0.0390184 	      0.0167962 	      0.0144094 	      0.0207028 	     0.00151948 
           4.5 	     0.00195312 	      0.0260123 	      0.0100777 	     0.00915587 	      0.0149033 	      0.0010313 
             5 	    0.000976562 	      0.0173415 	     0.00604662 	     0.00576138 	      0.0106036 	    0.000691329 
           5.5 	    0.000488281 	       0.011561 	     0.00362797 	     0.00359849 	     0.00747425 	    0.000458801 
             6 	    0.000244141 	     0.00770735 	     0.00217678 	     0.00223461 	     0.00522859 	     0.00030197 
           6.5 	     0.00012207 	     0.00513823 	     0.00130607 	     0.00138137 	     0.00363479 	     0.00019737 
             7 	    6.10352e-05 	     0.00342549 	    0.000783642 	    0.000850847 	     0.00251361 	     0.00012824 
           7.5 	    3.05176e-05 	     0.00228366 	    0.000470185 	    0.000522567 	     0.00173057 	    8.28994e-05 
             8 	    1.52588e-05 	     0.00152244 	    0.000282111 	    0.000320204 	     0.00118698 	    5.33516e-05 
           8.5 	    7.62939e-06 	     0.00101496 	    0.000169267 	    0.000195839 	    0.000811491 	    3.42018e-05 
             9 	     3.8147e-06 	    0.000676639 	     0.00010156 	    0.000119595 	     0.00055323 	    2.18498e-05 
           9.5 	    1.90735e-06 	    0.000451093 	     6.0936e-05 	    7.29445e-05 	    0.000376241 	    1.39159e-05 
            10 	    9.53674e-07 	    0.000300729 	    3.65616e-05 	    4.44463e-05 	    0.000255329 	    8.83835e-06 
          10.5 	    4.76837e-07 	    0.000200486 	     2.1937e-05 	    2.70596e-05 	    0.000172949 	     5.5995e-06 
            11 	    2.38419e-07 	    0.000133657 	    1.31622e-05 	    1.64633e-05 	    0.000116955 	    3.53953e-06 
          11.5 	    1.19209e-07 	    8.91048e-05 	     7.8973e-06 	    1.00109e-05 	    7.89747e-05 	    2.23279e-06 
            12 	    5.96046e-08 	    5.94032e-05 	    4.73838e-06 	    6.08461e-06 	     5.3259e-05 	    1.40583e-06 
          12.5 	    2.98023e-08 	    3.96021e-05 	    2.84303e-06 	    3.69685e-06 	    3.58755e-05 	    8.83624e-07 
            13 	    1.49012e-08 	    2.64014e-05 	    1.70582e-06 	    2.24543e-06 	    2.41411e-05 	    5.54512e-07 
          13.5 	    7.45058e-09 	    1.76009e-05 	    1.02349e-06 	    1.36351e-06 	      1.623e-05 	    3.47469e-07 
            14 	    3.72529e-09 	     1.1734e-05 	    6.14094e-07 	    8.27803e-07 	    1.09024e-05 	    2.17434e-07 
          14.5 	    1.86265e-09 	    7.82264e-06 	    3.68457e-07 	    5.02485e-07 	    7.31829e-06 	    1.35891e-07 
            15 	    9.31323e-10 	     5.2151e-06 	    2.21074e-07 	    3.04971e-07 	    4.90919e-06 	    8.48284e-08 
          15.5 	    4.65661e-10 	    3.47673e-06 	    1.32644e-07 	    1.85073e-07 	    3.29119e-06 	    5.28948e-08 
            16 	    2.32831e-10 	    2.31782e-06 	    7.95866e-08 	    1.12302e-07 	    2.20528e-06 	    3.29486e-08 
          16.5 	    1.16415e-10 	    1.54521e-06 	     4.7752e-08 	    6.81396e-08 	    1.47696e-06 	    2.05041e-08 
            17 	    5.82077e-11 	    1.03014e-06 	    2.86512e-08 	    4.13412e-08 	    9.88743e-07 	    1.27482e-08 
          17.5 	    2.91038e-11 	    6.86761e-07 	    1.71907e-08 	    2.50809e-08 	    6.61651e-07 	    7.91928e-09 
            18 	    1.45519e-11 	    4.57841e-07 	    1.03144e-08 	    1.52154e-08 	    4.42611e-07 	    4.91555e-09 
          18.5 	    7.27596e-12 	    3.05227e-07 	    6.18865e-09 	    9.23017e-09 	     2.9599e-07 	    3.04879e-09 
            19 	    3.63798e-12 	    2.03485e-07 	    3.71319e-09 	    5.59916e-09 	    1.97882e-07 	     1.8896e-09 
          19.5 	    1.81899e-12 	    1.35657e-07 	    2.22792e-09 	    3.39645e-09 	    1.32258e-07 	    1.17035e-09 
            20 	    9.09495e-13 	    9.04377e-08 	    1.33675e-09 	    2.06024e-09 	    8.83766e-08 	    7.24404e-10 
          20.5 	    4.54747e-13 	    6.02918e-08 	     8.0205e-10 	     1.2497e-09 	    5.90417e-08 	    4.48103e-10 
del_t = 1 
             t 	        forward 	       backward 	           trap 	     e(forward) 	    e(backward) 	        e(trap) 
             1 	              0 	            0.5 	       0.333333 	       0.367879 	       0.132121 	      0.0345461 
             2 	              0 	           0.25 	       0.111111 	       0.135335 	       0.114665 	      0.0242242 
             3 	              0 	          0.125 	       0.037037 	      0.0497871 	      0.0752129 	        0.01275 
             4 	              0 	         0.0625 	      0.0123457 	      0.0183156 	      0.0441844 	     0.00596996 
             5 	              0 	        0.03125 	     0.00411523 	     0.00673795 	      0.0245121 	     0.00262272 
             6 	              0 	       0.015625 	     0.00137174 	     0.00247875 	      0.0131462 	     0.00110701 
             7 	              0 	      0.0078125 	    0.000457247 	    0.000911882 	     0.00690062 	    0.000454635 
             8 	              0 	     0.00390625 	    0.000152416 	    0.000335463 	     0.00357079 	    0.000183047 
             9 	              0 	     0.00195312 	    5.08053e-05 	     0.00012341 	     0.00182972 	    7.26045e-05 
            10 	              0 	    0.000976562 	    1.69351e-05 	    4.53999e-05 	    0.000931163 	    2.84648e-05 
            11 	              0 	    0.000488281 	    5.64503e-06 	    1.67017e-05 	     0.00047158 	    1.10567e-05 
            12 	              0 	    0.000244141 	    1.88168e-06 	    6.14421e-06 	    0.000237996 	    4.26254e-06 
            13 	              0 	     0.00012207 	    6.27225e-07 	    2.26033e-06 	     0.00011981 	     1.6331e-06 
            14 	              0 	    6.10352e-05 	    2.09075e-07 	    8.31529e-07 	    6.02036e-05 	    6.22454e-07 
            15 	              0 	    3.05176e-05 	    6.96917e-08 	    3.05902e-07 	    3.02117e-05 	    2.36211e-07 
            16 	              0 	    1.52588e-05 	    2.32306e-08 	    1.12535e-07 	    1.51463e-05 	    8.93046e-08 
            17 	              0 	    7.62939e-06 	    7.74352e-09 	    4.13994e-08 	      7.588e-06 	    3.36559e-08 
            18 	              0 	     3.8147e-06 	    2.58117e-09 	      1.523e-08 	    3.79947e-06 	    1.26488e-08 
            19 	              0 	    1.90735e-06 	    8.60392e-10 	     5.6028e-09 	    1.90175e-06 	     4.7424e-09 
            20 	              0 	    9.53674e-07 	    2.86797e-10 	    2.06115e-09 	    9.51613e-07 	    1.77436e-09 
            21 	              0 	    4.76837e-07 	    9.55991e-11 	    7.58256e-10 	    4.76079e-07 	    6.62657e-10 
del_t = 2 
             t 	        forward 	       backward 	           trap 	     e(forward) 	    e(backward) 	        e(trap) 
             2 	             -1 	       0.333333 	              0 	        1.13534 	       0.197998 	       0.135335 
             4 	              1 	       0.111111 	              0 	       0.981684 	      0.0927955 	      0.0183156 
             6 	             -1 	       0.037037 	              0 	        1.00248 	      0.0345583 	     0.00247875 
             8 	              1 	      0.0123457 	              0 	       0.999665 	      0.0120102 	    0.000335463 
            10 	             -1 	     0.00411523 	              0 	        1.00005 	     0.00406983 	    4.53999e-05 
            12 	              1 	     0.00137174 	              0 	       0.999994 	      0.0013656 	    6.14421e-06 
            14 	             -1 	    0.000457247 	              0 	              1 	    0.000456416 	    8.31529e-07 
            16 	              1 	    0.000152416 	              0 	              1 	    0.000152303 	    1.12535e-07 
            18 	             -1 	    5.08053e-05 	              0 	              1 	      5.079e-05 	      1.523e-08 
            20 	              1 	    1.69351e-05 	              0 	              1 	     1.6933e-05 	    2.06115e-09 
            22 	             -1 	    5.64503e-06 	              0 	              1 	    5.64475e-06 	    2.78947e-10 
