
 Newton with Line Search 
Newton for cos, x(0) = 3 Fixed step size t = 1 
k 		 x_k 	 	 delta_x 	 t 	 	 f_x
  0 	          3 	 	 -  		 - 	    3.98999 
  1 	  -0.496558 	   -3.49656 	          1 	   -1.37579 
  2 	      2.131 	    2.62756 	          1 	    2.66237 
  3 	   0.689663 	   -1.44134 	          1 	 -0.0817979 
  4 	   0.739653 	  0.0499903 	          1 	 0.000950504 
  5 	   0.739085 	 -0.000567793 	          1 	 1.19095e-07 
  6 	   0.739085 	 -7.11607e-08 	          1 	 1.88738e-15 

Line Search Newton for cos, x(0) = 10 
k 		 x_k 	 	 delta_x 	 t 	 	 f_x
  0 	         10 	 	 -  		 - 	    10.8391 
  1 	    -1.8855 	   -11.8855 	        0.5 	   -1.57597 
  2 	   0.120121 	    2.00562 	     0.0625 	  -0.872673 
  3 	    0.89941 	   0.779289 	          1 	   0.277338 
  4 	   0.588311 	  -0.311099 	          2 	  -0.243567 
  5 	   0.744951 	   0.156639 	          1 	 0.00982955 
  6 	   0.733235 	 -0.0117162 	          2 	 -0.00977892 
  7 	   0.739093 	 0.00585818 	          1 	 1.2727e-05 
  8 	   0.739078 	 -1.5209e-05 	          2 	 -1.27269e-05 
  9 	   0.739085 	 7.60448e-06 	          1 	  2.137e-11 
 10 	   0.739085 	 -2.55376e-11 	          2 	 -2.13699e-11 

Line Search Newton exp(50x)-1, x(0) = 10 
k 		 x_k 	 	 delta_x 	 t 	 	 f_x
  0 	         10 	 	 -  		 - 	 1.40359e+217 
  1 	       9.68 	      -0.32 	         16 	 1.57953e+210 
  2 	       9.36 	      -0.32 	         16 	 1.77753e+203 
  3 	       9.04 	      -0.32 	         16 	 2.00035e+196 
  4 	       8.72 	      -0.32 	         16 	 2.2511e+189 
  5 	        8.4 	      -0.32 	         16 	 2.53328e+182 
  6 	       8.08 	      -0.32 	         16 	 2.85083e+175 
  7 	       7.76 	      -0.32 	         16 	 3.20818e+168 
  8 	       7.44 	      -0.32 	         16 	 3.61033e+161 
  9 	       7.12 	      -0.32 	         16 	 4.06289e+154 
 10 	        6.8 	      -0.32 	         16 	 4.57219e+147 
 11 	       6.48 	      -0.32 	         16 	 5.14532e+140 
 12 	       6.16 	      -0.32 	         16 	 5.79029e+133 
 13 	       5.84 	      -0.32 	         16 	 6.51611e+126 
 14 	       5.52 	      -0.32 	         16 	 7.33292e+119 
 15 	        5.2 	      -0.32 	         16 	 8.25212e+112 
 16 	       4.88 	      -0.32 	         16 	 9.28653e+105 
 17 	       4.56 	      -0.32 	         16 	 1.04506e+99 
 18 	       4.24 	      -0.32 	         16 	 1.17606e+92 
 19 	       3.92 	      -0.32 	         16 	 1.32348e+85 
 20 	        3.6 	      -0.32 	         16 	 1.48938e+78 
 21 	       3.28 	      -0.32 	         16 	 1.67608e+71 
 22 	       2.96 	      -0.32 	         16 	 1.88618e+64 
 23 	       2.64 	      -0.32 	         16 	 2.12262e+57 
 24 	       2.32 	      -0.32 	         16 	 2.38869e+50 
 25 	          2 	      -0.32 	         16 	 2.68812e+43 
 26 	       1.68 	      -0.32 	         16 	 3.02508e+36 
 27 	       1.36 	      -0.32 	         16 	 3.40428e+29 
 28 	       1.04 	      -0.32 	         16 	 3.83101e+22 
 29 	       0.72 	      -0.32 	         16 	 4.31123e+15 
 30 	        0.4 	      -0.32 	         16 	 4.85165e+08 
 31 	       0.08 	      -0.32 	         16 	    53.5982 
 32 	  -0.234139 	  -0.314139 	         16 	  -0.999992 
 33 	 -0.0859315 	   0.148207 	 6.10352e-05 	  -0.986385 
 34 	 0.00462827 	  0.0905598 	     0.0625 	    0.26038 
 35 	 -0.00363527 	 -0.00826354 	          2 	  -0.166202 
 36 	 0.000351341 	 0.00398662 	          1 	  0.0177223 
 37 	 -0.000345205 	 -0.000696547 	          2 	 -0.0171122 
 38 	 2.99638e-06 	 0.000348202 	          1 	 0.00014983 
 39 	 -2.99593e-06 	 -5.99232e-06 	          2 	 -0.000149785 
 40 	 2.24402e-10 	 2.99616e-06 	          1 	 1.12201e-08 
 41 	 -2.24402e-10 	 -4.48803e-10 	          2 	 -1.12201e-08 
 42 	 6.0393e-19 	 2.24402e-10 	          1 	          0 
 43 	 6.0393e-19 	         -0 	         16 	          0 

Quasi-Newton With Line Search

Newton exp(50x)-1, x(0) = 1 
       k 	      x_k 	  delta_x 	        t 	      f_x
       0 	        1 	        - 	        - 	 5.18471e+21
       1 	     0.68 	    -0.32 	       16 	 5.83462e+14 
       2 	     0.36 	    -0.32 	       16 	 6.566e+07 
       3 	     0.04 	    -0.32 	       16 	  6.38906 
       4 	 -0.236693 	 -0.276693 	       16 	 -0.999993 
       5 	 -0.0682998 	 0.168393 	 6.10352e-05 	 -0.967123 
       6 	 0.00524171 	 0.0735415 	    0.125 	 0.299638 
       7 	 -0.00398048 	 -0.00922219 	        2 	 -0.18047 
       8 	 0.000423745 	 0.00440423 	        1 	 0.0214133 
       9 	 -0.00041483 	 -0.000838575 	        2 	 -0.0205279 
      10 	 4.332e-06 	 0.000419162 	        1 	 0.000216623 
      11 	 -4.33106e-06 	 -8.66306e-06 	        2 	 -0.00021653 
      12 	 4.68986e-10 	 4.33153e-06 	        1 	 2.34493e-08 
      13 	 -4.68986e-10 	 -9.37973e-10 	        2 	 -2.34493e-08 
      14 	 5.40568e-18 	 4.68986e-10 	        1 	 2.22045e-16 
      15 	 -3.4761e-18 	 -8.88178e-18 	        2 	 -2.22045e-16 

Quasi-Newton exp(50x)-1, x(0) = 1 
       k 	      x_k 	  delta_x 	        t 	      f_x
       0 	        1 	        - 	        - 	 5.18471e+21
       1 	 0.680799 	 -0.319201 	       16 	 6.07253e+14 
       2 	 0.361344 	 -0.319456 	       16 	 7.02228e+07 
       3 	 0.0416327 	 -0.319711 	       16 	  7.01755 
       4 	 -0.238426 	 -0.280058 	       16 	 -0.999993 
       5 	 -0.0546808 	 0.183745 	 6.10352e-05 	 -0.935044 
       6 	 -0.0186885 	 0.0359924 	    0.125 	 -0.607188 
       7 	 -0.0032303 	 0.0154582 	      0.5 	 -0.149146 
       8 	 0.000275529 	 0.00350582 	        1 	 0.0138718 
       9 	 -0.00027175 	 -0.00054728 	        2 	 -0.0134956 
      10 	 1.85478e-06 	 0.000273605 	        1 	 9.27435e-05 
      11 	 -1.85461e-06 	 -3.7094e-06 	        2 	 -9.27263e-05 
      12 	 8.60072e-11 	 1.8547e-06 	        1 	 4.30036e-09 
      13 	 -3.15774e-14 	 -8.60388e-11 	        1 	 -1.57885e-12 
      14 	 1.33288e-14 	 4.49063e-14 	        2 	 6.66356e-13 
      15 	 -2.6711e-15 	 -1.59999e-14 	        4 	 -1.3356e-13 
Minimum step size does not result in reduction in f. Terminating ...
