
Jacobi Solution
Sparse representation of A: 
-4, 	1, 	0, 	0, 	1
4, 	-4, 	1, 	0, 	0
0, 	1, 	-4, 	1, 	0
0, 	0, 	1, 	-4, 	1
1, 	0, 	0, 	1, 	-4
Using direct solver, x[0] = -0.37931 	x[1] = -0.408348 	x[2] = -0.116152 	x[3] = -0.0562613 	x[4] = -0.108893 	

Eigen representation is 
-4  4  0  0  1
 1 -4  1  0  0
 0  1 -4  1  0
 0  0  1 -4  1
 1  0  0  1 -4

Diagonal inverse is 
-0.25     0     0     0     0
    0 -0.25     0     0     0
    0     0 -0.25     0     0
    0     0     0 -0.25     0
    0     0     0     0 -0.25

L is 
-0 -0 -0 -0 -0
-1 -0 -0 -0 -0
-0 -1 -0 -0 -0
-0 -0 -1 -0 -0
-1 -0 -0 -1 -0

U is 
-0 -4 -0 -0 -1
-0 -0 -1 -0 -0
-0 -0 -0 -1 -0
-0 -0 -0 -0 -1
-0 -0 -0 -0 -0
b is 
1 0 0 0 0
Solution after 18 iterations is  -0.379271   -0.10343 -0.0344704 -0.0344704   -0.10343
Dinv*(L+U) is 
   0    1    0    0 0.25
0.25    0 0.25    0    0
   0 0.25    0 0.25    0
   0    0 0.25    0 0.25
0.25    0    0 0.25    0
First norm is 1
Infinity norm is 1

SOR Solution

Eigen representation is 
-4  4  0  0  1
 1 -4  1  0  0
 0  1 -4  1  0
 0  0  1 -4  1
 1  0  0  1 -4

Diagonal inverse is 
-0.25     0     0     0     0
    0 -0.25     0     0     0
    0     0 -0.25     0     0
    0     0     0 -0.25     0
    0     0     0     0 -0.25
b is 
1 0 0 0 0
k 	 xk[0] 	 xk_1[0] 	 ||delta x|| 	 ||residual|| 
1 	 -0.250000 	 -0.250000 	 7.8125e-05 	 0.125000 
2 	 -0.250000 	 -0.250781 	 6.39404e-05 	 0.102305 
3 	 -0.250781 	 -0.252188 	 5.38737e-05 	 0.086198 
4 	 -0.252188 	 -0.254089 	 4.66028e-05 	 0.074564 
5 	 -0.254089 	 -0.256378 	 4.12253e-05 	 0.065960 
6 	 -0.256378 	 -0.258964 	 3.71283e-05 	 0.059405 
7 	 -0.258964 	 -0.261775 	 3.38979e-05 	 0.054237 
8 	 -0.261775 	 -0.264749 	 3.12563e-05 	 0.050010 
9 	 -0.264749 	 -0.267836 	 2.90184e-05 	 0.046429 
10 	 -0.267836 	 -0.270996 	 2.70621e-05 	 0.043299 
11 	 -0.270996 	 -0.274194 	 2.53073e-05 	 0.040492 
12 	 -0.274194 	 -0.277403 	 2.37023e-05 	 0.037924 
13 	 -0.277403 	 -0.280602 	 2.22137e-05 	 0.035542 
14 	 -0.280602 	 -0.283772 	 2.08206e-05 	 0.033313 
15 	 -0.283772 	 -0.286900 	 1.95094e-05 	 0.031215 
16 	 -0.286900 	 -0.289975 	 1.82718e-05 	 0.029235 
17 	 -0.289975 	 -0.292988 	 1.7102e-05 	 0.027363 
18 	 -0.292988 	 -0.295932 	 1.59964e-05 	 0.025594 
19 	 -0.295932 	 -0.298804 	 1.49521e-05 	 0.023923 
20 	 -0.298804 	 -0.301599 	 1.39667e-05 	 0.022347 
21 	 -0.301599 	 -0.304315 	 1.30382e-05 	 0.020861 
22 	 -0.304315 	 -0.306952 	 1.21644e-05 	 0.019463 
23 	 -0.306952 	 -0.309508 	 1.13433e-05 	 0.018149 
24 	 -0.309508 	 -0.311984 	 1.05727e-05 	 0.016916 
25 	 -0.311984 	 -0.314380 	 9.8503e-06 	 0.015760 
26 	 -0.314380 	 -0.316697 	 9.17394e-06 	 0.014678 
27 	 -0.316697 	 -0.318936 	 8.5413e-06 	 0.013666 
28 	 -0.318936 	 -0.321100 	 7.95008e-06 	 0.012720 
29 	 -0.321100 	 -0.323189 	 7.39801e-06 	 0.011837 
30 	 -0.323189 	 -0.325205 	 6.88288e-06 	 0.011013 
31 	 -0.325205 	 -0.327151 	 6.4025e-06 	 0.010244 
32 	 -0.327151 	 -0.329029 	 5.95476e-06 	 0.009528 
33 	 -0.329029 	 -0.330839 	 5.53766e-06 	 0.008860 
34 	 -0.330839 	 -0.332586 	 5.14924e-06 	 0.008239 
35 	 -0.332586 	 -0.334269 	 4.78766e-06 	 0.007660 
36 	 -0.334269 	 -0.335893 	 4.45116e-06 	 0.007122 
37 	 -0.335893 	 -0.337458 	 4.13808e-06 	 0.006621 
38 	 -0.337458 	 -0.338966 	 3.84686e-06 	 0.006155 
39 	 -0.338966 	 -0.340420 	 3.57601e-06 	 0.005722 
40 	 -0.340420 	 -0.341821 	 3.32415e-06 	 0.005319 
41 	 -0.341821 	 -0.343172 	 3.08998e-06 	 0.004944 
42 	 -0.343172 	 -0.344474 	 2.87226e-06 	 0.004596 
43 	 -0.344474 	 -0.345728 	 2.66987e-06 	 0.004272 
44 	 -0.345728 	 -0.346937 	 2.48174e-06 	 0.003971 
45 	 -0.346937 	 -0.348102 	 2.30687e-06 	 0.003691 
46 	 -0.348102 	 -0.349225 	 2.14433e-06 	 0.003431 
47 	 -0.349225 	 -0.350307 	 1.99326e-06 	 0.003189 
48 	 -0.350307 	 -0.351350 	 1.85285e-06 	 0.002965 
49 	 -0.351350 	 -0.352355 	 1.72235e-06 	 0.002756 
50 	 -0.352355 	 -0.353323 	 1.60106e-06 	 0.002562 
51 	 -0.353323 	 -0.354257 	 1.48833e-06 	 0.002381 
52 	 -0.354257 	 -0.355156 	 1.38356e-06 	 0.002214 
53 	 -0.355156 	 -0.356024 	 1.28619e-06 	 0.002058 
54 	 -0.356024 	 -0.356859 	 1.19568e-06 	 0.001913 
55 	 -0.356859 	 -0.357665 	 1.11156e-06 	 0.001778 
56 	 -0.357665 	 -0.358441 	 1.03338e-06 	 0.001653 
57 	 -0.358441 	 -0.359189 	 9.60704e-07 	 0.001537 
58 	 -0.359189 	 -0.359910 	 8.93157e-07 	 0.001429 
59 	 -0.359910 	 -0.360606 	 8.30371e-07 	 0.001329 
60 	 -0.360606 	 -0.361276 	 7.7201e-07 	 0.001235 
61 	 -0.361276 	 -0.361922 	 7.17761e-07 	 0.001148 
62 	 -0.361922 	 -0.362544 	 6.67334e-07 	 0.001068 
63 	 -0.362544 	 -0.363144 	 6.20458e-07 	 0.000993 
64 	 -0.363144 	 -0.363723 	 5.76883e-07 	 0.000923 
65 	 -0.363723 	 -0.364281 	 5.36374e-07 	 0.000858 
66 	 -0.364281 	 -0.364818 	 4.98717e-07 	 0.000798 
67 	 -0.364818 	 -0.365337 	 4.63709e-07 	 0.000742 
68 	 -0.365337 	 -0.365836 	 4.31163e-07 	 0.000690 
69 	 -0.365836 	 -0.366318 	 4.00906e-07 	 0.000641 
70 	 -0.366318 	 -0.366783 	 3.72777e-07 	 0.000596 
71 	 -0.366783 	 -0.367230 	 3.46624e-07 	 0.000555 
72 	 -0.367230 	 -0.367662 	 3.2231e-07 	 0.000516 
73 	 -0.367662 	 -0.368078 	 2.99704e-07 	 0.000480 
74 	 -0.368078 	 -0.368479 	 2.78686e-07 	 0.000446 
75 	 -0.368479 	 -0.368866 	 2.59145e-07 	 0.000415 
76 	 -0.368866 	 -0.369239 	 2.40976e-07 	 0.000386 
77 	 -0.369239 	 -0.369599 	 2.24082e-07 	 0.000359 
78 	 -0.369599 	 -0.369946 	 2.08374e-07 	 0.000333 
79 	 -0.369946 	 -0.370280 	 1.93769e-07 	 0.000310 
80 	 -0.370280 	 -0.370602 	 1.80189e-07 	 0.000288 
81 	 -0.370602 	 -0.370913 	 1.67562e-07 	 0.000268 
82 	 -0.370913 	 -0.371213 	 1.55821e-07 	 0.000249 
83 	 -0.371213 	 -0.371502 	 1.44903e-07 	 0.000232 
84 	 -0.371502 	 -0.371780 	 1.34751e-07 	 0.000216 
85 	 -0.371780 	 -0.372049 	 1.25311e-07 	 0.000200 
86 	 -0.372049 	 -0.372308 	 1.16533e-07 	 0.000186 
87 	 -0.372308 	 -0.372558 	 1.0837e-07 	 0.000173 
88 	 -0.372558 	 -0.372799 	 1.0078e-07 	 0.000161 
89 	 -0.372799 	 -0.373031 	 9.37219e-08 	 0.000150 
90 	 -0.373031 	 -0.373255 	 8.71584e-08 	 0.000139 
91 	 -0.373255 	 -0.373471 	 8.10549e-08 	 0.000130 
92 	 -0.373471 	 -0.373679 	 7.53791e-08 	 0.000121 
93 	 -0.373679 	 -0.373880 	 7.01011e-08 	 0.000112 
94 	 -0.373880 	 -0.374073 	 6.51928e-08 	 0.000104 
95 	 -0.374073 	 -0.374260 	 6.06284e-08 	 0.000097 
96 	 -0.374260 	 -0.374440 	 5.63838e-08 	 0.000090 
97 	 -0.374440 	 -0.374614 	 5.24366e-08 	 0.000084 
98 	 -0.374614 	 -0.374781 	 4.87658e-08 	 0.000078 
99 	 -0.374781 	 -0.374943 	 4.53521e-08 	 0.000073 
100 	 -0.374943 	 -0.375098 	 4.21775e-08 	 0.000067 
Solution after 100 iterations is  -0.375098   -0.10128 -0.0331096 -0.0331096   -0.10128
Solution with Direct solver   -0.37931  -0.103448 -0.0344828 -0.0344828  -0.103448
